t = 0
b = 20 20 20
E = 0 0 0
4.92315673828125 -3.0209622383117676 4.575827598571777 -0.35831584635560887 -0.05913259910979091 -0.9317258663217334 -0.910410168662208 0.24318646274400965 0.33468443216634164 0 0 0 0 0 0
4.503727436065674 -2.7078940868377686 4.59215784072876 -0.2513907060087576 -0.7474314348616286 -0.6149381782855132 -0.9648581664692037 0.14331168891778598 0.22025094419143357 0 0 0 0 0 0
4.017897129058838 -2.578961133956909 4.48434591293335 -0.17837108249439104 -0.9637517313972883 0.198409569221114 -0.978603979308916 0.19477263912489698 0.06631644388141976 0 0 0 0 0 0
3.555774688720703 -2.711261510848999 4.295459270477295 -0.03647506025933764 -0.5505501905342332 0.8340048307304925 -0.9993329490019384 0.018594496565100403 -0.03143090416421579 0 0 0 0 0 0
3.1395816802978516 -2.9152441024780273 4.150213241577148 0.03851114250086792 0.1504063038595442 0.9878738966399448 -0.9929634640310688 0.11655064164439877 0.02096442299943875 0 0 0 0 0 0
2.6678357124328613 -3.1256215572357178 4.310680866241455 0.06820857074695916 0.823433344853918 0.5632984266437692 -0.985488477171517 0.14357445041768596 -0.09054743811629262 0 0 0 0 0 0
2.0094051361083984 -3.2026472091674805 4.312785625457764 0.2752220333515733 0.8485888518676967 0.45182938466161054 -0.9498229976418284 0.31266791039640557 -0.008663195659615236 0 0 0 0 0 0
1.5667587518692017 -3.160176992416382 4.538348197937012 0.3809502760112296 0.8848267884889163 -0.2682507065775566 -0.9123088557014021 0.4068611160204575 0.046439036159101166 0 0 0 0 0 0
1.317285418510437 -2.8494935035705566 4.770309925079346 0.018945049278647152 0.358489959207954 -0.933341327840415 -0.9307779275149716 0.34720329555579765 0.11446537120949588 0 0 0 0 0 0
1.0885909795761108 -2.5215039253234863 4.792777061462402 -0.3794333446378287 -0.4395461207152586 -0.8141434423620436 -0.8661727479011998 0.47807127970019503 0.14557686052083413 0 0 0 0 0 0
0.8796926736831665 -2.159468412399292 4.6735148429870605 -0.6029340326607051 -0.7959323727818894 0.05442619054546617 -0.7743540570513268 0.6002724627767171 0.20012187476666718 0 0 0 0 0 0
0.5044489502906799 -1.9723671674728394 4.524548530578613 -0.2753316264053637 -0.5587237412818583 0.7823172479429176 -0.687750310335785 0.6830704325163027 0.2457931952984513 0 0 0 0 0 0
1.0133960247039795 -1.6606454849243164 3.534281015396118 0.13195847405409936 0.6592353646582001 -0.7402673132789828 0.11360258555224331 0.7318197357037676 0.6719630398990061 0 0 0 0 0 0
0.08991982787847519 -0.9844717383384705 3.366014242172241 -0.18824710182157922 -0.24991457267669662 -0.949792469447721 -0.9661854459272943 -0.12638333632548868 0.22475083176156174 0 0 0 0 0 0
-0.39112550020217896 -0.8356648683547974 3.3189985752105713 0.10359004535255575 -0.8031928845817758 -0.5866432413836042 -0.9474489332414419 -0.25917132013979394 0.18753865126061492 0 0 0 0 0 0
-0.8930553793907166 -0.9641261100769043 3.2908713817596436 0.4512167838400131 -0.7926269261410548 -0.41005605706690634 -0.8757955943201706 -0.4815623612302033 -0.032859841992475235 0 0 0 0 0 0
-1.183705449104309 -1.2464663982391357 3.022601842880249 0.6385708625053752 -0.7357869439235942 0.2254879746476934 -0.7692011291694274 -0.6192418253110339 0.15769966604256633 0 0 0 0 0 0
-1.4509201049804688 -1.685915231704712 2.977097749710083 0.5924719950764531 0.010527671056362861 0.8055222549329448 -0.6845747067704606 -0.5205139177726534 0.5103163060838849 0 0 0 0 0 0
-1.560425043106079 -2.122032403945923 2.970593214035034 -0.09756333431772096 0.5589298304237912 0.8234554271235577 -0.7931754675315621 -0.543426930031567 0.274881518881416 0 0 0 0 0 0
-1.0433859825134277 -2.143812656402588 2.182469129562378 -0.12701395795977904 0.9824955285078634 0.1362717540264505 0.8214514820519707 0.027187225097278483 0.5696299829065627 0 0 0 0 0 0
-0.565252959728241 -2.052952289581299 2.36501407623291 -0.46256990053486474 0.8573612721420434 0.2257448474498196 0.8491868720185979 0.3552849092268643 0.39070998152968694 0 0 0 0 0 0
-0.29818740487098694 -1.802412748336792 2.1844911575317383 -0.07047993725340383 0.23778669565606314 0.9687569694271763 0.9890658512954932 0.1427806230172154 0.03691118383277978 0 0 0 0 0 0
-0.8621019721031189 -1.5401901006698608 1.4092271327972412 -0.9171757039433133 0.08501647463640943 -0.38930826749053843 -0.052070741587477896 0.9430288445109687 0.32861107146722446 0 0 0 0 0 0
-0.8515748381614685 -0.6432830095291138 1.7146942615509033 0.4275409439271041 0.22922856247328952 -0.8744501171664112 -0.7737906749310103 -0.407334487782373 -0.48510473761125406 0 0 0 0 0 0
-1.3365240097045898 -0.5866702795028687 1.2882888317108154 0.8270920799262221 -0.20095828782260808 -0.5249137623255096 -0.543327704899877 -0.5249894043374952 -0.6551191726866145 0 0 0 0 0 0
-1.4601777791976929 -0.6198949813842773 0.8471586108207703 0.6348258169415263 -0.7721900833511753 0.026807784664692528 -0.4661796887476659 -0.41045904620674695 -0.7837090462577149 0 0 0 0 0 0
-1.400445818901062 -0.8512102365493774 0.2548907399177551 0.12488097321191219 -0.8367416509702622 0.5331680336077977 -0.5846809390649846 -0.49621807646537364 -0.6418066843552601 0 0 0 0 0 0
-1.2486746311187744 -1.1902430057525635 -0.12017803639173508 -0.5851686063918298 -0.495145028207886 0.6421908619207032 -0.4398466426950141 -0.471510989985818 -0.764337829256487 0 0 0 0 0 0
-1.309500813484192 -1.6436244249343872 -0.28704577684402466 -0.9390129967079853 0.2134296145288015 0.26963381029755235 -0.33575357432728153 -0.3995535969591535 -0.8530102346885745 0 0 0 0 0 0
-1.4777389764785767 -2.005115032196045 -0.5876864790916443 -0.7122332660755941 0.6989798737921832 0.06442756187188534 -0.4064489025460524 -0.3358342758155738 -0.8497144395657512 0 0 0 0 0 0
-1.8096617460250854 -2.2923262119293213 -0.8212686777114868 -0.29306980685523265 0.9549401089574403 -0.04689857795486493 -0.43731276253547763 -0.17750824838972007 -0.8816169063018259 0 0 0 0 0 0
-2.2651326656341553 -2.3325088024139404 -1.0491544008255005 0.4689248406722237 0.8158210402934774 -0.3384457475209258 -0.4314034538214484 -0.12281329259270249 -0.8937605692765064 0 0 0 0 0 0
-2.537787675857544 -2.176726818084717 -1.4813445806503296 0.953715022917557 0.19896749340037773 -0.2254763660150084 -0.23352447608013668 0.017639706842491297 -0.972190907082559 0 0 0 0 0 0
-2.4951627254486084 -1.9595129489898682 -1.8895930051803589 0.6214289846252268 -0.7688896597148471 -0.15044835742289195 -0.2658153791802298 -0.026276132297350124 -0.9636657870147529 0 0 0 0 0 0
-2.379058361053467 -1.979575514793396 -2.4193077087402344 0.0012069941432241028 -0.9761825903664517 0.2169472134658169 -0.41174231504841957 -0.1981893135243243 -0.8894882022845076 0 0 0 0 0 0
-2.2614388465881348 -2.153127670288086 -2.875166416168213 -0.8093629903594555 -0.5189254846786188 0.2750416171917638 -0.2907441381644419 -0.05287907740185097 -0.95533849985026 0 0 0 0 0 0
-2.455937623977661 -2.4339797496795654 -3.349057674407959 -0.8022309279586834 0.17969133552778785 0.5693299238251839 -0.553706570833835 0.1326399870387055 -0.8220800856691565 0 0 0 0 0 0
-1.409996747970581 -1.9432753324508667 -3.7331326007843018 0.2543396511893415 -0.8677261660715831 0.42703939226679716 -0.8383668091894285 -0.4179517978024648 -0.349939120366992 0 0 0 0 0 0
-1.5712502002716064 -1.5373293161392212 -4.395980358123779 -0.5460330757132507 0.8364704118330845 0.04653096125073819 0.4896991895175541 0.3637458889259084 -0.7923910853078493 0 0 0 0 0 0
-1.561346411705017 -1.451363205909729 -4.907833576202393 0.047849687381936075 0.8854860962101214 0.46219560884544403 0.38100018956328063 0.41156105856324043 -0.8279229134569531 0 0 0 0 0 0
-1.73589026927948 -1.056400179862976 -5.222418308258057 0.6868306912348173 0.5632163004343045 0.45940287385147965 0.06564619752245263 0.5814201443728721 -0.8109507953435102 0 0 0 0 0 0
-1.8339265584945679 -0.5451180338859558 -5.33371114730835 0.9848894816955719 -0.15304057466253132 -0.08106350197462443 0.04507909759724937 0.6784866326386895 -0.7332283166179754 0 0 0 0 0 0
-1.7295533418655396 -0.13220849633216858 -5.491100788116455 0.6883167668646328 -0.589199465956532 -0.4231595653764144 0.14275552611835787 0.6819523219178172 -0.7173296943481212 0 0 0 0 0 0
-2.57378888130188 -0.1208600103855133 -6.518254280090332 -0.9236227837084541 0.3671931877283162 0.10995506491546324 0.33387014411679095 0.911608618024891 -0.23979252367449216 0 0 0 0 0 0
-2.4300429821014404 0.8478875756263733 -5.692936420440674 -0.24046641004533417 0.31557088699968955 0.9179275139781673 0.8657735415605555 -0.3578501175837866 0.34982776916500413 0 0 0 0 0 0
-1.9828828573226929 0.8755072951316833 -5.515471458435059 -0.581668868372542 0.008803605352369629 0.8133780327123459 0.8029628456398122 -0.1536509132790656 0.5758837255649134 0 0 0 0 0 0
-1.622567057609558 0.9584032893180847 -5.165602207183838 -0.4999643572838347 -0.7380351436933154 0.4531443126856493 0.8461135779507148 -0.3046473533970323 0.4373577520470211 0 0 0 0 0 0
-1.2616851329803467 0.9706795811653137 -4.794802665710449 -0.5001203195820155 -0.8575777882900187 0.12016656345582341 0.776404427068036 -0.38260708025919044 0.5008073359733183 0 0 0 0 0 0
-1.1504453420639038 0.8464850783348083 -4.316587448120117 0.2145391650085042 -0.8924621124939319 -0.3968429468194213 0.7405253803632185 -0.11630079788209408 0.6618884237164894 0 0 0 0 0 0
-1.3775150775909424 1.1354970932006836 -3.352383613586426 -0.8803873957605644 -0.11793762048093166 0.45935688855314594 -0.17450069221555675 -0.8200802320237633 -0.5449935058880445 0 0 0 0 0 0
-1.542435646057129 0.5865840315818787 -3.491828203201294 -0.8519520242024303 0.35172904900689295 0.3878974407521762 -0.5188178512520586 -0.6671270065281767 -0.5345742178434636 0 0 0 0 0 0
-1.7580591440200806 0.17725211381912231 -3.4709689617156982 -0.5942839898613699 0.7212247578881885 -0.35589519244234696 -0.4363485444380755 -0.6608646890933152 -0.6106208401916601 0 0 0 0 0 0
-0.49571698904037476 0.8010619282722473 -3.2963132858276367 -0.2878097114720914 0.9486111876288661 0.13153852928972515 0.0208260706646206 -0.13111820939078198 0.9911479657179485 0 0 0 0 0 0
-0.17112420499324799 0.8976156115531921 -2.878986358642578 -0.8179804356003676 0.5704983130337059 0.07375419852949798 0.031973280364386944 -0.08292542330285446 0.9960427116910111 0 0 0 0 0 0
-0.13088655471801758 1.155017375946045 -2.476226806640625 -0.9578986439634875 -0.2801406375824033 0.06286025030045961 0.07565215667310203 -0.03507444550028438 0.9965172022918402 0 0 0 0 0 0
0.9015883207321167 0.04138725623488426 -2.6469719409942627 0.5721500487085324 -0.8082397893291312 0.13925790716517947 -0.7468554135449579 -0.4432915530923525 0.4956809359008677 0 0 0 0 0 0
1.666673183441162 0.4749964475631714 -2.9886832237243652 -0.23558020737448654 -0.8663968795482789 -0.4402935532146693 -0.041248413384617176 0.4615500318998604 -0.8861546910367792 0 0 0 0 0 0
1.794783115386963 0.5162183046340942 -3.4716432094573975 -0.9614030823652246 -0.2540064903416349 -0.10575829084743142 -0.05732374761585135 0.5608521188228287 -0.8259291063833614 0 0 0 0 0 0
2.2824440002441406 1.460559606552124 -2.6792659759521484 -0.5266525204004403 0.4627855251296005 -0.7130684963496731 -0.8418290835236664 -0.4005193721415598 0.36181214279379137 0 0 0 0 0 0
1.8615591526031494 1.5504136085510254 -2.483180522918701 -0.3354144050026344 -0.23755788474838815 -0.9116268031988749 -0.8936090622926564 -0.22614185419444788 0.38771472188960876 0 0 0 0 0 0
1.6417326927185059 0.5189246535301208 -1.4883155822753906 0.07622152613551302 -0.977025336045299 -0.19902706268028966 0.9556098859230986 0.014605363635402274 0.2942727124269598 0 0 0 0 0 0
1.931833028793335 0.3208114504814148 -1.1378843784332275 0.21276114904365334 -0.44427272594808215 -0.8702611323253986 0.9670751719742716 -0.031535824183718204 0.2525294112454765 0 0 0 0 0 0
2.1554794311523438 1.7039170265197754 -1.0023916959762573 0.6852363843015835 0.5234139625235688 0.5064473531026384 -0.18402424978851697 0.7972276636561425 -0.5749461955619344 0 0 0 0 0 0
1.9693245887756348 2.082876443862915 -0.9620028138160706 0.9310458751761962 0.36282712964034103 0.038859391584816806 -0.36214008269338566 0.9318221128210359 -0.023708871009991646 0 0 0 0 0 0
0.8651087284088135 2.1810760498046875 -0.7337250113487244 -0.06491214506936949 -0.5321079877840966 0.8441845193788222 -0.3450563904052931 0.8057526319339667 0.48135099830784156 0 0 0 0 0 0
0.4808485209941864 2.33891224861145 -0.5879225134849548 0.6941144099372047 -0.011474491283302342 0.7197732434366505 -0.40058816776769546 0.8246005556383076 0.39945343093471514 0 0 0 0 0 0
0.36499688029289246 2.7179336547851562 -0.2118193507194519 0.9679313352457878 0.2472854320641057 -0.0442588447451482 -0.22345281842245085 0.9280032237839572 0.2981255684869149 0 0 0 0 0 0
0.4934292137622833 3.0531089305877686 0.17797619104385376 0.6678621797453941 0.3783106566816337 -0.6409689196106486 -0.2628130875047108 0.9255801606352297 0.27245301847236625 0 0 0 0 0 0
0.6475868225097656 3.367448091506958 0.5178593993186951 0.06536768290960339 0.42488047667303125 -0.9028862866236963 -0.2652534335844444 0.8796665534942139 0.39474975697937303 0 0 0 0 0 0
-0.3412652909755707 3.195286512374878 1.7320544719696045 0.10360434477662916 0.9061103907293148 0.4101586273087209 -0.7411538923780133 0.3453392821686004 -0.5757010404751727 0 0 0 0 0 0
-0.8257296681404114 3.3903255462646484 1.7689521312713623 0.569629135229459 0.7899905112144991 -0.22679867832241296 -0.7724071297395035 0.420229670883274 -0.4762291986396019 0 0 0 0 0 0
-1.6954542398452759 2.717665672302246 1.3410897254943848 0.42707955370383693 0.14913858901580365 -0.8918299928094517 0.8222812778157745 -0.4743108692797389 0.31445619637201555 0 0 0 0 0 0
-1.5319150686264038 2.21301007270813 1.2905852794647217 0.6772676372035379 0.61106624580891 -0.40976406727498893 0.7335570392880079 -0.5179990277568899 0.43996713212912764 0 0 0 0 0 0
-1.0740137100219727 1.9709134101867676 1.2106201648712158 0.29668304660688305 0.9076906265302769 0.2967775199794137 0.7356086777093358 -0.41539210090502227 0.5350974451297954 0 0 0 0 0 0
-0.6684436798095703 1.9347825050354004 1.214993953704834 -0.07984962789122553 0.5235532775095902 0.8482428912372911 0.8926405893564423 -0.3411728141525238 0.2946080262257482 0 0 0 0 0 0
-0.1481834203004837 2.009753465652466 1.3112404346466064 -0.40855123540631033 -0.20216350796571617 0.8900650561026275 0.8792387826989722 -0.3489268229882375 0.3243288997258262 0 0 0 0 0 0
0.23671424388885498 1.8813159465789795 1.670475959777832 -0.7356400773410979 -0.6132173138020767 0.2877467682927978 0.6773180688253403 -0.6605210230840811 0.32396328759084786 0 0 0 0 0 0
1.42877995967865 2.361358642578125 1.8826014995574951 0.8190041470755255 -0.3443925189371096 0.45894008320612334 0.49726922909244037 0.026954897806251932 -0.867177460086495 0 0 0 0 0 0
1.8071577548980713 2.4360454082489014 1.4099080562591553 0.3545309311129948 -0.8339735703526279 0.4228426454810859 0.43090823636871334 -0.2556115542340944 -0.8654367828857494 0 0 0 0 0 0
2.2326269149780273 2.3220839500427246 1.108433723449707 -0.3883814620651111 -0.8928691901624127 0.22791324924822565 0.3993238904068627 -0.3859731747825342 -0.8316039555573431 0 0 0 0 0 0
1.580572485923767 3.2437589168548584 0.9866868853569031 -0.8841727375997187 0.29019826742194954 -0.3660922502194187 0.374994201001979 -0.026462959315914466 -0.9266493732794144 0 0 0 0 0 0
1.726587176322937 4.1283721923828125 0.303069531917572 -0.06983900451803988 0.7770210258028621 0.6255883941604073 0.9954719536656329 0.09482319084298996 -0.006644692880953025 0 0 0 0 0 0
2.1824376583099365 4.191279411315918 0.13008719682693481 -0.36680152400087085 0.26022546666663016 0.8931625543476245 0.9302095066409578 0.11592586572787787 0.34824053096965646 0 0 0 0 0 0
2.6189205646514893 4.4881978034973145 0.22371608018875122 -0.4225135278387664 -0.4217362831920071 0.802259824640765 0.7997533872974815 0.24301488368525453 0.5489428802832285 0 0 0 0 0 0
2.7472991943359375 4.7396416664123535 0.5948733687400818 0.146178621627153 -0.9353936899458098 0.321978967308034 0.7223266961415449 0.32330951694803656 0.6113224192617737 0 0 0 0 0 0
2.841599702835083 4.797325134277344 1.1047828197479248 0.6777312914197048 -0.7047536633136717 -0.20976789715430497 0.6739093851778953 0.4812044339259212 0.560614335652581 0 0 0 0 0 0
