t = 0
b = 12 12 12
E = 0 0 0
-2.2344970703125 -0.21882568299770355 3.1954345703125 -0.7764713725332042 0.24064942488608673 -0.5823916739947417 0.5736312994014596 0.6524941414235735 -0.49517524953788516 0 0 0 0 0 0
-1.98876953125 -0.03696189075708389 2.82464599609375 -0.9293139911359483 0.31676483109700193 -0.1898303128034679 0.31217806956898747 0.39924264441168217 -0.862061577709706 0 0 0 0 0 0
-0.910888671875 -0.5942386388778687 2.54779052734375 0.15350503630179876 -0.8580332555880502 -0.49011747177075315 0.0924112190235327 0.5062877886283669 -0.8573988813174311 0 0 0 0 0 0
-0.61456298828125 -0.4593099057674408 2.1114501953125 -0.18677476517834557 -0.9457996095909853 -0.2656657403394605 0.18643984505100922 0.23138463803610942 -0.954830526040226 0 0 0 0 0 0
-0.24542236328125 -0.42630133032798767 1.86651611328125 -0.8505524650134938 -0.3407568640285426 -0.4005561931575926 0.2353573407373694 0.43448481881743434 -0.8693847619887384 0 0 0 0 0 0
-0.1746826171875 -0.5290015935897827 1.4898681640625 -0.6408843743994453 0.7661310897983068 -0.0480663280799584 0.5151009541413751 0.3827772528623422 -0.7669110650745649 0 0 0 0 0 0
-0.1611328125 -0.43554243445396423 1.088623046875 0.0021362600563216666 0.9311265007194428 0.36469010961491305 0.4938898814510074 0.31612504559265 -0.8100232963003935 0 0 0 0 0 0
-0.1947021484375 -0.18671546876430511 0.62261962890625 0.6944725778865386 0.5858906201294205 0.417660172637982 0.37660725378836357 0.1986176229150239 -0.9048303798290444 0 0 0 0 0 0
-0.16961669921875 0.15266861021518707 0.32635498046875 0.8965405073655982 -0.41920480332339927 0.1431169155733375 0.20616470639818502 0.10892775217751792 -0.9724355292981143 0 0 0 0 0 0
0.2376708984375 0.3927418291568756 0.03302001953125 0.0827017359952171 -0.9947868928742253 -0.059661215450424146 0.23488071734690344 0.07763664324071065 -0.9689187789721689 0 0 0 0 0 0
0.52239990234375 0.23940052092075348 -0.4814453125 -0.476395906421482 -0.8782934644170546 -0.04058978574891551 0.2857179945223287 -0.11098668743027156 -0.9518651074702728 0 0 0 0 0 0
0.6490478515625 0.05057206004858017 -0.913330078125 -0.9519327880048782 -0.28975487636474506 0.09932813671921392 -0.062386421072715796 -0.13407337149974297 -0.9890056953933227 0 0 0 0 0 0
0.63653564453125 -0.2681058347225189 -1.2452392578125 -0.8085008498318017 0.584089106889096 -0.07187691586839913 0.00944843470483155 -0.10923758827121495 -0.9939707623417892 0 0 0 0 0 0
1.39434814453125 -0.056154586374759674 -1.99969482421875 -0.9179792728429095 -0.35417670321956046 -0.1785298785282919 -0.24397436477171472 0.8591194400717553 -0.4498780912925546 0 0 0 0 0 0
1.22930908203125 0.135355606675148 -2.4490966796875 -0.8849061438768592 -0.02617289234993208 0.4650334356097702 -0.29307415761332967 0.8072828970566671 -0.5122517567163941 0 0 0 0 0 0
0.86944580078125 0.5434786081314087 -2.62835693359375 0.02486970823778414 -0.03955504208984993 0.9989078517348023 -0.3746636186625943 0.9260191537218948 0.04599673674116452 0 0 0 0 0 0
0.47686767578125 0.8086973428726196 -2.6011962890625 0.5302120023518155 0.20192652664319502 0.8234688278252514 -0.47728208830254343 0.8738108875794742 0.09303945901140478 0 0 0 0 0 0
0.67852783203125 0.888248085975647 -3.7882080078125 0.7318744674808386 0.22194848959038838 0.6442814849257925 0.5451635791430014 -0.7579651453096625 -0.35816966715747267 0 0 0 0 0 0
